# !
1,1,1
2,1,0
 1,0,1
# "
0,0,1,1
0,1,0,1
 0,1,0,1
# #
0,0,2,2,0,1,1,0,2
2,0,0,2,2,2,0,1,1
 0,0,0,0,0,0,1,0,1
# $
0,2,0,2,1,1
2,2,0,0,2,0
 0,0,0,1,0,1
# %
0,0,2,0,2
0,2,0,2,2
 1,0,0,1,1
# &
2,0,1,0,1,2
2,0,0,2,2,1
 0,0,0,0,0,1
# '
1,1
1,0
 0,1
# (
2,1,2
2,1,0
 0,0,1
# )
0,1,0
2,1,0
 0,0,1
# *
0,1,0,2,1,2,1,1
2,1,1,1,1,2,1,0
 0,0,0,0,0,0,0,1
# +
1,1,0,2
2,0,1,1
 0,1,0,1
# ,
0,1
2,1
 0,1
# -
0,1
1,1
 0,1
# .
1
2
 1
# /
0,2
2,0
 0,1
# 0
0,0,2,2,0,2
2,0,0,2,2,0
 0,0,0,0,0,1
# 1
0,1,1,0,2
1,0,2,2,2
 0,0,0,0,1
# 2
0,1,2,2,0,2
1,0,0,1,2,2
 0,0,0,0,0,1
# 3
0,2,0,2,0
2,1,1,1,0
 0,0,0,0,1
# 4
2,0,0,1,1
1,1,0,0,2
 0,0,1,0,1
# 5
0,2,0,0,2
2,1,1,0,0
 0,0,0,0,1
# 6
2,0,0,2,2,0
0,0,2,2,1,1
 0,0,0,0,0,1
# 7
0,2,0,2
0,0,2,0
 0,0,0,1
# 8
0,0,2,2,0,0,2
2,0,0,2,2,1,1
 0,0,0,0,0,0,1
# 9
0,2,2,0,0,2
2,2,0,0,1,1
 0,0,0,0,0,1
# :
1,1
2,0
 1,1
# ;
0,1,1
2,1,0
 0,1,1
# <
1,0,1
1,1,0
 0,0,1
# =
0,1,0,1
2,2,1,1
 0,1,0,1
# >
0,1,0
1,1,0
 0,0,1
# ?
1,1,2,1
2,1,0,0
 1,0,0,1
# @
0,0,2,2,0,1,1,2
2,0,0,2,2,2,1,1
 0,0,0,0,0,0,0,1
# A
0,0,1,2,0,2,2
2,1,0,1,1,1,2
 0,0,0,0,0,0,1
# B
0,2,1,2,0,0
2,2,1,0,0,2
 0,0,0,0,0,1
# C
0,0,2,0,0,2
2,0,0,0,2,2
 0,0,0,0,0,1
# D
0,0,2,2,0
2,0,1,2,2
 0,0,0,0,1
# E
0,0,2,0,2,0,2
2,0,0,1,1,2,2
 0,0,1,0,1,0,1
# F
0,0,2,0,2
2,0,0,1,1
 0,0,1,0,1
# G
1,2,2,0,0,2
1,1,2,2,0,0
 0,0,0,0,0,1
# H
0,0,0,2,2,2
2,0,1,1,0,2
 0,0,0,0,0,1
# I
0,2,1,1,0,2
2,2,2,0,0,0
 0,0,0,0,0,1
# J
0,0,2,2,2
1,2,2,0,2
 0,0,0,0,1
# K
0,0,2,0,2
2,0,0,1,2
 0,1,0,0,1
# L
0,0,2
0,2,2
 0,0,1
# M
0,0,1,2,2
2,0,2,0,2
 0,0,0,0,1
# N
0,0,2,2
2,0,2,0
 0,0,0,1
# O
0,0,2,2,0
2,0,0,2,2
 0,0,0,0,1
# P
0,0,2,2,0
2,0,0,1,1
 0,0,0,0,1
# Q
2,0,0,2,2,1
2,2,0,0,2,1
 0,0,0,0,0,1
# R
0,0,2,2,0,2
2,0,0,1,1,2
 0,0,0,0,0,1
# S
0,2,2,0,0,2
2,2,1,1,0,0
 0,0,0,0,0,1
# T
1,1,0,2
2,0,0,0
 0,0,0,1
# U
0,0,2,2
0,2,2,0
 0,0,0,1
# V
0,1,2
0,2,0
 0,0,1
# W
0,0,1,2,2
0,2,1,2,0
 0,0,0,0,1
# X
0,2,0,2
2,0,0,2
 0,1,0,1
# Y
1,1,0,1,2
2,1,0,1,0
 0,0,0,0,1
# Z
0,2,0,2
0,0,2,2
 0,0,0,1
# [
2,1,1,2
2,2,0,0
 0,0,0,1
# \
0,2
0,2
 0,1
# ]
0,1,1,0
2,2,0,0
 0,0,0,1
# ^
0,1,2
1,0,1
 0,0,1
# _
0,2
2,2
 0,1
# `
0,1
0,1
 0,1
# a
0,0,1,1,0,2
2,1,1,2,2,2
 0,0,0,0,0,1
# b
0,0,1,1,0
0,2,2,1,1
 0,0,0,0,1
# c
1,0,0,1
2,2,1,1
 0,0,0,1
# d
1,1,0,0,1
0,2,2,1,1
 0,0,0,0,1
# e
1,0,0,1,1,0
2,2,0,0,1,1
 0,0,0,0,0,1
# f
0,0,1,0,1
2,1,0,1,1
 0,0,0,0,1
# g
0,1,1,0,0,1
2,2,0,0,1,1
 0,0,0,0,0,1
# h
0,0,0,1,1
2,0,1,1,2
 0,0,0,0,1
# i
1,1,1
2,1,0
 0,1,1
# j
0,1,1
2,1,0
 0,1,1
# k
0,0,0,1,0,1
2,0,1,1,1,2
 0,0,0,0,0,1
# l
0,0
2,0
 0,1
# m
0,0,1,1,1,2,2
2,1,1,2,1,1,2
 0,0,0,0,0,0,1
# n
0,0,1,1
2,1,1,2
 0,0,0,1
# o
0,0,1,1,0
2,1,1,2,2
 0,0,0,0,1
# p
0,0,1,1,0
2,0,0,1,1
 0,0,0,0,1
# q
1,1,0,0,1
2,0,0,1,1
 0,0,0,0,1
# r
0,0,1
2,1,1
 0,0,1
# s
0,1,0,1
2,1,1,0
 0,0,0,1
# t
2,1,1,0,2
2,1,0,1,1
 0,0,1,0,1
# u
0,0,1,1
1,2,2,1
 0,0,0,1
# v
0,1,2
1,2,1
 0,0,1
# w
0,0,1,2,2
1,2,1,2,1
 0,0,0,0,1
# x
0,1,0,1
2,1,1,2
 0,1,0,1
# y
0,2,1,0
2,0,1,0
 0,0,0,1
# z
1,0,1,0
2,2,1,1
 0,0,0,1
# {
2,1,0,1,2
2,1,1,1,0
 0,0,0,0,1
# |
1,1
2,0
 0,1
# }
0,1,2,1,0
2,1,1,1,0
 0,0,0,0,1
# ~
0,1,1,2
1,0,1,0
 0,0,0,1

# notes:
# blank spaces:
# all 0-32, include tab and line feed and some other stuff and spaces
# first visible ascii is 33, last visible ascii is 126

# 0,0 1,0 2,0
# 0,1 1,1 2,1
# 0,2 1,2 2,2

